0100100100000000000000000000000000000000000000000000
0000100100000110000000000001000000001000000000000000
0000111011000000000001000000100000001101100000000000
0000110001000000000101000000100000001101100000000000
0110101000000000000000000000000000000000000000000000
0000100100000110000000000001000000001000001000000000
0000110011000000000001000000100000001101100000100000
0000101111000000000101000000100000001101100000100000
0001100001000000000000000000000010000000000000000000
0000100100000110000000000001000000001000010000000000
0000000000000000000000000000000000000000000000000000
0000000000000000000000000000000000000000000000000000
0000100100000001000000000000000001001100000000000000
0000100100000110000000000000010000001000000000000000
0000100100000100000000000000100001001010100000100000
0000111001000000000010000000100000000000000000000000
0010100000000000000000000000000000000000000111000000
0010100010000000000000000000000000000000000110000000
0001000011000001000001000100000000000000000000000000
0001000011000001000001000100000000000000000000000000
0000100100000101000000000100000001011100000000000000
0000100100000101000000000100000001010011000000100000
0000100100000001000000000000000001000010000000100000
0000100000100000000000000001000000000000011001000000
0000100010100000000000000001000000000000011000000000
0010110010100000000000000000000000000000000100000000
0000000000000000000000000000000000000000000000000000
0000100100000110000000000010000000000000000001000000
0010111000100100000000000100000000010000000101000000
0010111010100000000000000000000000000000000100000000
0000100100000001000000000010000000100000000001000000
0000100100000110000000000010000000000000000000000000
1000000000001000000000000000000000000000000000000000
0011000010100000000000000000000000000000000101000000
0000000000000000000000000000000000000000000000000000
0001000000010000000000000010000000000000000001000000
0001001010000001000000000000000001100000000000000000
0001001100100000100000000000000100000000000000100010
0001010001000000001000000000000010000000000000000100
0001001100000000000000000000000000000000000000010000
0011010000000000000000000000000000000000000111000000
0011010010000000000000000000000000000000000111000000
0001011011000000001000000000000010000000000000000100
0001011001000000000000000000001000000000000000000000
0011011000000000000000000000000000000000000101000000
0001010010100000000000000100000000000000000000000000
0000100100000001000000000010000000100000000001000000
0001100011000000001000000000000010000000000000000000
0011100000000000000000000000000000000000000101000000
0011100010000000000000000000000000000000000101000000
0001011110000001000000000010000000100000000001000000
0000100100000000011000000010000000000000000001000000
0000100100000000000000000000000000000000000000001000
0001101100000000000000001000000000000000000000000000
0001110000000000000000100000000000000000000000000000
0000000000000000000000000000000000000000000000000000
0011110000000000000000000000000000000000000101000000
0001110110000000000000000000000000000000000111000000
0001110010000000000000000000000000000000000000000001
0000000000000000000000010000000000000000000000000000
0000000000000000000000000000000000000000000000000000
0000000000000000000000000000000000000000000000000000
0000000000000000000000000000000000000000000000000000
0000000000000000000000000000000000000000000000000000
